# Profile Smoothing is Disabled
#	O-		C_2-		S-		Au_3-		
#	15.9960		24.0012		31.9736		590.9086		
#Sputter Time (s)	Intensity(Background Corrected)	Point-to-Point Normalization	Intensity(Background Corrected)	Point-to-Point Normalization	Intensity(Background Corrected)	Point-to-Point Normalization	Intensity(Background Corrected)	Point-to-Point Normalization	
0	93486.5	0.0223479	13950.1	0.00333478	480.819	0.00011494	11798.5	0.00282043	
10	13692.3	0.027187	1327.61	0.00263607	33.0077	6.5539e-005	5513.63	0.0109477	
20	6277.22	0.0278163	392.397	0.00173883	18.0026	7.97751e-005	4964.88	0.0220009	
30	5315.78	0.028996	158.07	0.000862227	20.0022	0.000109106	5857.83	0.0319527	
40	4827.12	0.0314856	71.015	0.000463206	12.0012	7.82797e-005	5814.27	0.0379244	
50	4355.39	0.0333969	46.0059	0.000352771	12.0009	9.20219e-005	5777.13	0.0442987	
60	4179.38	0.0346437	24.002	0.000198957	10.0005	8.28957e-005	5812.12	0.0481778	
70	3825.36	0.0355987	26.0025	0.000241978	12.0008	0.000111679	5986.34	0.0557087	
80	3405.53	0.0357266	25.0022	0.000262292	2.00008	2.09824e-005	5909.45	0.0619946	
90	3071.03	0.0356926	20.0013	0.000232463	6.00018	6.97363e-005	5823.64	0.0676844	
100	2650.97	0.0342657	17.0011	0.000219752	2.00005	2.58521e-005	5734.71	0.0741254	
110	2337.06	0.0337735	22.0016	0.000317951	4.00006	5.7806e-005	5627.44	0.0813237	
120	2004.31	0.0324585	21.0014	0.000340104	0	0	5238.11	0.0848276	
130	1047.82	0.0313307	12.0005	0.000358823	2.00004	5.98027e-005	3085.6	0.0922617	
140	402.43	0.0266334	6.00009	0.000397094	0	0	1530.23	0.101272	
150	334.294	0.027276	8.00024	0.000652761	1.00001	8.15933e-005	1207.93	0.0985582	
160	261.179	0.025123	5.00009	0.000480963	0	0	1165.6	0.11212	
170	205.107	0.022871	3.00002	0.000334525	0	0	1081.11	0.120552	
180	172.078	0.0214695	2.00001	0.000249533	0	0	1027.78	0.128232	
190	108.03	0.0147865	6.00012	0.00082126	1	0.000136874	996.669	0.136418	
200	111.034	0.0170375	1	0.000153445	0	0	901.177	0.138281	
210	84.018	0.0134536	5.00009	0.000800655	0	0	849.916	0.136095	
220	105.029	0.018121	3.00007	0.00051761	0	0	789.696	0.136248	
230	56.0085	0.00972708	2.00003	0.000347348	0	0	847.951	0.147265	
240	86.0206	0.0154964	3.00002	0.000540447	0	0	846.929	0.152572	
250	76.0159	0.0138035	3.00002	0.000544765	0	0	855.956	0.155431	
260	62.0101	0.0117868	0	0	0	0	824.82	0.15678	
270	53.0082	0.0107282	3.00004	0.000607172	0	0	812.789	0.164499	
280	42.0051	0.00840775	4.00004	0.000800649	0	0	783.639	0.156853	
290	52.0071	0.0104139	6.00009	0.00120146	0	0	768.578	0.1539	
300	61.0098	0.0121558	7.00012	0.00139472	0	0	813.769	0.162138	
310	52.0071	0.0103353	3.00004	0.000596192	0	0	821.815	0.163318	
320	57.0086	0.0107159	2.00002	0.000375944	0	0	807.735	0.15183	
330	51.0069	0.0102341	2.00001	0.000401286	1	0.000200643	813.735	0.16327	
340	57.0091	0.0119893	4.00004	0.000841228	0	0	827.816	0.174094	
350	69.0125	0.0142118	4.00004	0.000823732	0	0	792.672	0.163236	
360	40.0049	0.00841854	6.00009	0.00126265	0	0	808.727	0.170187	
370	54.0082	0.0116598	8.00016	0.00172715	0	0	714.383	0.154228	
380	49.0064	0.0104247	15.0008	0.00319098	1	0.000212721	805.722	0.171394	
390	53.0077	0.0111689	8.00016	0.00168566	0	0	792.664	0.167017	
400	40.0041	0.00848263	11.0003	0.00233255	0	0	792.701	0.168087	
410	36.0042	0.00753384	8.00016	0.00167402	0	0	761.543	0.159352	
420	46.0056	0.00918276	3.00004	0.00059881	0	0	799.693	0.159619	
430	49.0069	0.00995467	7.00012	0.00142192	0	0	823.807	0.167338	
440	50.0064	0.00996738	7.00012	0.00139528	0	0	847.92	0.169009	
450	56.0085	0.0103299	11.0003	0.00202883	1	0.000184434	909.191	0.167686	
460	60.0098	0.00959389	6.00009	0.000959247	0	0	1088.19	0.173972	
470	66.0117	0.00907752	7.00016	0.000962618	0	0	1259.2	0.173158	
480	68.0128	0.0084216	8.0002	0.000990615	0	0	1365.98	0.16914	
490	101.028	0.0112868	13.0004	0.0014524	0	0	1541.22	0.172184	
500	83.0192	0.00848087	18.0009	0.00183889	0	0	1683.55	0.171983	
510	82.0179	0.00788407	9.00021	0.000865155	0	0	1774.43	0.170569	
520	111.032	0.00998673	14.0005	0.00125926	0	0	1886.44	0.169675	
530	88.0219	0.0093017	20.0011	0.00211361	0	0	1582.59	0.167239	
540	60.0095	0.0104437	9.00039	0.00156637	0	0	949.409	0.16523	
550	31.0024	0.00597926	11.0003	0.00212156	0	0	859.992	0.165861	
560	50.0066	0.00951601	10.0003	0.001903	0	0	889.12	0.169195	
570	44.0049	0.00859639	7.00012	0.00136748	0	0	937.321	0.183106	
580	48.0066	0.00942785	10.0003	0.00196391	0	0	818.786	0.160798	
590	32.0029	0.00655798	4.00006	0.000819685	0	0	818.79	0.167785	
600	36.0038	0.00734922	5.00009	0.00102063	0	0	808.723	0.165079	
610	38.0037	0.00792404	6.00009	0.00125106	0	0	807.751	0.168422	
620	38.0041	0.00777179	7.00012	0.00143152	0	0	839.864	0.171751	
630	43.0047	0.0088251	6.00009	0.00123129	0	0	842.881	0.17297	
640	46.0054	0.00966297	6.00009	0.00126026	0	0	776.591	0.163115	
650	37.0037	0.00795607	7.0002	0.00150509	0	0	763.543	0.164167	
660	45.0054	0.00991526	11.0004	0.00242353	0	0	782.619	0.172421	
670	39.0041	0.00850318	5.00006	0.00109005	0	0	778.619	0.169745	
680	35.0033	0.00788718	5.00009	0.00112665	0	0	728.396	0.164127	
690	32.0026	0.0070568	8.00016	0.00176409	0	0	789.656	0.174125	
700	27.0023	0.00595157	10.0003	0.00220416	0	0	770.598	0.169848	
710	34.0033	0.00775976	7.00016	0.00159748	0	0	728.414	0.166229	
720	30.0024	0.00671496	11.0003	0.00246202	1	0.000223814	736.449	0.164827	
730	32.0026	0.00710222	2.00003	0.000443859	0	0	732.441	0.162548	
740	27.002	0.00600178	10.0003	0.00222277	0	0	770.606	0.171284	
750	28.0021	0.00627991	6.00009	0.00134561	0	0	786.643	0.176417	
760	39.0039	0.00857982	9.00021	0.00197981	0	0	747.495	0.164429	
770	25.0017	0.00545651	8.00016	0.001746	0	0	820.815	0.179139	
780	32.0031	0.00714355	5.00011	0.0011161	0	0	772.583	0.172451	
790	27.0023	0.00595945	10.0003	0.00220709	0	0	803.714	0.177381	
800	32.0026	0.00706303	6.00009	0.00132423	0	0	812.748	0.179375	
810	30.0024	0.006727	7.00012	0.00156953	0	0	775.587	0.173898	
820	38.0039	0.00842658	7.00016	0.00155214	0	0	763.558	0.169303	
830	23.0013	0.00420269	12.0004	0.00219265	0	0	702.335	0.128327	
840	32.0026	0.00692997	10.0003	0.00216549	0	0	779.635	0.168825	
850	26.002	0.005994	12.0004	0.00276634	0	0	713.365	0.164446	
860	28.0027	0.00645224	11.0004	0.00253465	0	0	757.519	0.174544	
870	23.0013	0.00518165	5.00009	0.0011264	0	0	847.899	0.191011	
880	29.0023	0.00680965	11.0004	0.00258286	0	0	749.491	0.175978	
890	23.0015	0.00528891	7.00012	0.00160959	0	0	684.259	0.157337	
900	25.0016	0.00590356	5.00006	0.00118065	0	0	759.519	0.179343	
910	30.0026	0.00693381	5.00006	0.00115555	0	0	748.503	0.172984	
920	24.0016	0.00549991	8.00016	0.00183322	1	0.000229148	787.656	0.180489	
930	24.0018	0.00576274	8.00016	0.00192081	0	0	760.562	0.182608	
940	27.0023	0.00618042	9.00021	0.00206002	0	0	706.343	0.161671	
950	34.0031	0.00769998	8.00016	0.00181163	0	0	769.555	0.174265	
960	33.0029	0.00777454	13.0004	0.00306253	0	0	754.523	0.177744	
970	20.001	0.00464492	9.00021	0.00209015	0	0	728.422	0.169164	
980	30.0023	0.00676337	13.0004	0.00293066	0	0	747.487	0.168505	
990	29.0024	0.00669338	10.0003	0.00230794	0	0	731.422	0.168803	
1000	31.0026	0.00682877	4.00006	0.000881071	0	0	787.688	0.1735	
1010	30.0026	0.00693702	12.0004	0.00277467	0	0	753.511	0.174222	
1020	30.0024	0.00682649	8.0002	0.0018203	0	0	804.751	0.183106	
1030	30.0027	0.00633504	8.00016	0.00168922	0	0	847.912	0.179035	
1040	27.0019	0.00574508	9.00021	0.00191494	0	0	829.85	0.176564	
1050	26.0019	0.00569342	9.00025	0.00197071	0	0	776.622	0.170051	
1060	23.0013	0.0049927	10.0003	0.00217068	0	0	804.751	0.17468	
1070	30.0023	0.00658523	13.0004	0.00285347	0	0	778.611	0.170898	
1080	24.0015	0.00496411	11.0004	0.00227515	0	0	805.722	0.166644	
1090	27.002	0.00551849	11.0004	0.00224818	0	0	845.907	0.172881	
1100	30.0024	0.00595996	8.0002	0.00158923	0	0	823.82	0.163651	
1110	32.0026	0.00649404	9.00021	0.00182634	0	0	855.952	0.173692	
1120	23.0013	0.00473084	9.0003	0.00185115	0	0	862.983	0.177496	
1130	31.0024	0.0059666	10.0003	0.00192462	1	0.000192456	876.029	0.168597	
1140	39.0043	0.0062347	2.00002	0.000319696	0	0	1175.63	0.18792	
1150	26.0021	0.00378158	16.0007	0.00232703	0	0	1259.13	0.183119	
1160	38.0037	0.0051398	15.0007	0.00202877	0	0	1286.36	0.173973	
1170	53.0074	0.00660035	18.0009	0.00224143	0	0	1429.41	0.177986	
1180	49.0061	0.00569905	19.0009	0.00220967	0	0	1599.73	0.186036	
1190	42.0047	0.00443181	23.0013	0.00242681	0	0	1681.47	0.177407	
1200	47.0059	0.00482458	23.0013	0.00236081	0	0	1729.85	0.177548	
1210	56.0085	0.00537304	18.0009	0.00172687	0	0	1853.17	0.177779	
1220	55.0077	0.00499162	46.0059	0.00417476	0	0	1992.59	0.180816	
1230	69.0128	0.00576596	25.0016	0.00208886	0	0	2134.06	0.178299	
1240	53.0077	0.00422237	36.0038	0.00286792	0	0	2200.87	0.175313	
