# Profile Smoothing is Disabled
#	O-		C_2-		S-		Au_3-		WS_3-		
#	15.9966		24.0023		31.9751		590.9316		279.9082		
#Sputter Time (s)	Intensity(Background Corrected)	Point-to-Point Normalization	Intensity(Background Corrected)	Point-to-Point Normalization	Intensity(Background Corrected)	Point-to-Point Normalization	Intensity(Background Corrected)	Point-to-Point Normalization	Intensity(Background Corrected)	Point-to-Point Normalization	
0	24178.6	0.0202425	4643.84	0.00388786	270.225	0.000226235	4527.63	0.00379057	590.69	0.000494531	
10	2976.65	0.022669	415.445	0.00316387	22.0021	0.00016756	2084.64	0.0158758	74.0188	0.000563699	
20	1237.95	0.020604	127.043	0.00211446	17.0013	0.000282964	1772.43	0.0294996	47.0059	0.000782349	
30	1004.58	0.0234278	64.0114	0.0014928	18.001	0.0004198	1677.49	0.0391207	34.0031	0.000792983	
40	884.002	0.0244564	23.0013	0.000636346	9.00034	0.000249	1783.36	0.0493377	27.0024	0.000747037	
50	884.038	0.0290125	11.0005	0.000361015	9.00025	0.000295371	1638.05	0.0537578	17.0007	0.000557932	
60	736.385	0.0266874	4.00006	0.000144967	4.00004	0.000144966	1639.16	0.059405	17.0007	0.000616125	
70	753.465	0.030938	9.00025	0.000369559	3.00004	0.000123185	1609.95	0.0661061	13.0007	0.000533822	
80	627.024	0.0312746	6.00009	0.000299271	1.00002	4.98789e-005	1418.28	0.0707405	13.0006	0.000648443	
90	552.779	0.0311811	4.00008	0.000225636	2.00003	0.000112818	1281.38	0.0722801	6.00016	0.000338457	
100	560.799	0.0315659	8.00016	0.000450308	2.00002	0.000112576	1507.99	0.0848807	10.0003	0.00056289	
110	605.939	0.0339747	5.00009	0.000280353	2.00002	0.00011214	1568.53	0.087947	11.0003	0.000616782	
120	562.81	0.0320946	6.00012	0.00034216	2.00001	0.000114052	1639.12	0.0934718	4.00008	0.000228107	
130	501.642	0.0286767	5.00006	0.000285832	1	5.71659e-005	1692.61	0.0967592	10.0003	0.000571675	
140	516.686	0.0283038	3.00002	0.00016434	2.00003	0.000109561	1901.5	0.104163	6.00009	0.000328682	
150	505.66	0.0269844	5.00009	0.000266828	2.00002	0.00010673	2020.9	0.107845	4.0001	0.000213464	
160	394.397	0.0256803	5.00011	0.000325571	1	6.51128e-005	1702.64	0.110863	3.00002	0.000195339	
170	229.133	0.0240358	2.00002	0.0002098	0	0	1100.21	0.115411	2.00002	0.0002098	
180	212.118	0.0242116	2.00002	0.000228287	0	0	1105.27	0.126159	1.00001	0.000114144	
190	171.075	0.0179155	4.00006	0.000418898	0	0	963.484	0.100899	0	0	
200	129.044	0.0134743	0	0	0	0	975.49	0.101858	2.00003	0.000208837	
210	113.032	0.0149218	3.00002	0.000396043	1.00001	0.000132014	1023.78	0.135153	2.00002	0.000264029	
220	86.0192	0.0129158	3.00002	0.000450454	0	0	970.49	0.145719	0	0	
230	104.028	0.0159478	9.00021	0.00137976	0	0	990.587	0.151861	0	0	
240	86.0188	0.0130569	8.00016	0.00121435	0	0	967.514	0.14686	0	0	
250	108.03	0.0165537	6.00009	0.000919413	0	0	946.356	0.145013	0	0	
260	59.0089	0.00958403	4.00004	0.000649674	0	0	932.283	0.151418	0	0	
270	73.0139	0.01243	5.00006	0.00085122	1	0.000170242	908.177	0.15461	0	0	
280	58.0086	0.00975098	11.0004	0.00184911	0	0	937.355	0.157565	2.00001	0.000336193	
290	51.0074	0.00848991	6.00015	0.000998694	0	0	1026.8	0.170905	0	0	
300	55.008	0.00963531	5.00006	0.000875821	0	0	978.535	0.171402	0	0	
310	53.0074	0.00908439	4.00006	0.000685529	0	0	917.257	0.157199	0	0	
320	54.0077	0.00966667	3.00002	0.000536965	0	0	878.018	0.157154	0	0	
330	65.0114	0.0108806	8.00016	0.00133894	0	0	1046.94	0.17522	0	0	
340	55.0077	0.00828929	2.00001	0.000301388	0	0	1149.5	0.173222	1	0.000150694	
350	70.0125	0.00942929	4.00006	0.000538729	0	0	1317.66	0.177463	0	0	
360	69.0128	0.0082998	8.00016	0.000962136	0	0	1411.28	0.169727	0	0	
370	80.0167	0.00836382	11.0004	0.00114982	0	0	1607.9	0.168067	0	0	
380	87.021	0.00789521	9.00021	0.000816567	1	9.07279e-005	1934.02	0.175469	1.00001	9.07283e-005	
390	106.029	0.00850201	13.0004	0.00104245	0	0	2157.34	0.172988	4.00004	0.000320747	
400	107.029	0.00801296	14.0005	0.00104818	0	0	2368.84	0.177348	1.00001	7.48677e-005	
410	110.032	0.00822119	15.0006	0.00112079	1	7.47163e-005	2381.06	0.177903	1	7.47163e-005	
420	59.0092	0.00952683	5.00009	0.000807247	0	0	1083.15	0.174872	0	0	
430	56.008	0.0098415	4.00004	0.000702871	0	0	986.581	0.173358	0	0	
440	45.0051	0.00838085	8.0002	0.0014898	0	0	927.268	0.172676	1	0.00018622	
450	45.0051	0.00832658	7.00016	0.00129513	0	0	974.55	0.180305	1	0.000185014	
460	36.0035	0.00683567	11.0003	0.00208853	0	0	875.02	0.166132	0	0	
470	33.0029	0.00676428	11.0003	0.00225462	0	0	851.934	0.174612	0	0	
480	42.0045	0.00806693	8.00016	0.00153642	0	0	952.4	0.182908	0	0	
490	41.0045	0.00805115	3.00004	0.000589051	0	0	900.149	0.176742	0	0	
500	34.0029	0.00670141	6.00012	0.00118252	0	0	895.121	0.176413	0	0	
510	42.0045	0.00833588	4.00006	0.00079382	0	0	885.075	0.175645	1.00001	0.000198454	
520	36.0033	0.00715487	5.00006	0.000993653	0	0	890.129	0.176894	0	0	
530	39.0039	0.00756035	1.00001	0.000193837	0	0	923.248	0.178959	0	0	
540	34.0033	0.00656815	8.00016	0.00154533	0	0	877.02	0.169407	0	0	
550	31.0024	0.00566048	4.00004	0.000730334	0	0	971.515	0.177381	0	0	
560	34.0029	0.00574568	7.00016	0.00118286	0	0	1043.91	0.176396	3.00002	0.000506932	
570	40.0041	0.00625259	12.0004	0.00187565	0	0	1126.38	0.176052	1	0.000156299	
580	54.0074	0.00834607	9.00025	0.00139086	0	0	1109.32	0.17143	0	0	
590	34.0029	0.00476432	10.0003	0.00140119	1.00001	0.000140116	1292.44	0.18109	1	0.000140115	
600	49.0064	0.00581057	13.0005	0.00154144	0	0	1544.3	0.183104	0	0	
610	39.0039	0.00559436	11.0003	0.00157778	0	0	1237.06	0.177432	0	0	
620	37.0035	0.00738887	10.0003	0.00199686	0	0	882.083	0.176135	0	0	
630	24.0015	0.00513181	7.0002	0.00149673	0	0	826.782	0.176776	0	0	
640	27.0023	0.00581569	2.00002	0.00043076	0	0	845.899	0.182188	0	0	
650	22.0013	0.00487618	6.00012	0.00132981	0	0	770.602	0.170789	1.00001	0.000221633	
660	20.0012	0.00443289	4.00008	0.000886543	0	0	781.643	0.173236	1	0.000221632	
670	23.0013	0.00500247	6.00009	0.00130494	0	0	845.89	0.183969	0	0	
680	25.0016	0.00554728	6.00009	0.00133128	0	0	809.735	0.179662	1	0.000221878	
690	25.0018	0.00524698	8.0002	0.00167895	0	0	833.838	0.174992	0	0	
700	32.0028	0.00663682	7.00016	0.00145171	0	0	890.111	0.184594	1	0.000207383	
710	30.0024	0.00631896	10.0003	0.00210621	0	0	852.973	0.179649	1	0.000210616	
720	40.0041	0.00864019	4.00006	0.000863944	0	0	879.065	0.189863	0	0	
730	19.0009	0.00403845	8.00016	0.00170035	0	0	791.676	0.168263	0	0	
740	39.0043	0.00832891	7.00012	0.00149479	0	0	840.885	0.179561	0	0	
750	26.002	0.00565015	4.00006	0.000869201	0	0	822.811	0.178794	2.00001	0.000434596	
760	23.0013	0.00484749	8.0002	0.00168603	0	0	780.623	0.164515	0	0	
770	12.0004	0.00258796	14.0006	0.00301932	0	0	820.757	0.177002	0	0	
780	26.002	0.00565015	7.00012	0.0015211	0	0	875.015	0.190138	0	0	
790	20.0011	0.00425556	6.00012	0.00127662	0	0	817.802	0.174	2.00001	0.000425534	
800	23.0015	0.00477407	7.00012	0.00145291	0	0	883.079	0.183287	0	0	
810	19.0012	0.00412353	6.00009	0.0013021	0	0	828.824	0.179866	1	0.000217014	
820	24.0016	0.00523366	9.00021	0.00196254	0	0	801.716	0.174818	0	0	
830	22.0015	0.00469515	10.0003	0.00213408	0	0	833.842	0.177943	0	0	
840	25.0017	0.00526907	7.00012	0.00147526	0	0	833.842	0.175731	0	0	
850	19.0009	0.00407221	3.00004	0.000642957	0	0	803.698	0.172246	0	0	
860	18.0008	0.00382671	6.00009	0.00127553	0	0	805.706	0.171281	0	0	
870	26.0019	0.00540018	9.00025	0.00186921	0	0	867.984	0.180267	0	0	
880	22.0012	0.0046931	10.0003	0.00213317	0	0	850.938	0.181514	0	0	
890	31.0026	0.00627456	5.00006	0.00101195	0	0	861.979	0.174454	0	0	
900	20.0012	0.00412652	7.00012	0.00144422	0	0	844.955	0.174325	0	0	
910	20.001	0.00406607	5.00011	0.00101649	0	0	875.038	0.177889	0	0	
920	31.0026	0.00639625	6.00009	0.0012379	0	0	859.948	0.177419	0	0	
930	24.0015	0.00489726	8.00016	0.00163235	0	0	924.268	0.188588	0	0	
940	17.0008	0.00405457	5.00009	0.00119248	0	0	753.522	0.17971	0	0	
950	19.001	0.00455551	10.0003	0.00239757	0	0	759.5	0.182091	0	0	
960	19.0011	0.00473253	2.00002	0.000498137	1	0.000249067	734.407	0.182916	0	0	
970	22.0012	0.00532847	5.00006	0.00121096	0	0	732.411	0.177382	1	0.00024219	
980	18.001	0.00375882	7.00012	0.00146171	0	0	844.924	0.17643	0	0	
990	29.0021	0.0051771	11.0003	0.00196364	0	0	1047.87	0.187052	0	0	
1000	24.0015	0.00376022	11.0004	0.00172338	0	0	1139.44	0.178512	0	0	
1010	37.0035	0.00536127	8.00016	0.00115911	0	0	1250.16	0.18113	0	0	
1020	35.0035	0.00473468	18.0008	0.00243485	0	0	1339.79	0.181224	1	0.000135263	
1030	31.0024	0.00407123	13.0004	0.00170721	0	0	1478.76	0.19419	0	0	
1040	40.0041	0.00498866	14.0006	0.00174592	0	0	1416.35	0.176625	0	0	
1050	36.0035	0.00406773	16.0008	0.0018078	0	0	1635.11	0.184738	0	0	
1060	40.0047	0.00443314	15.0006	0.00166231	0	0	1647.21	0.182536	2.00002	0.000221633	
1070	37.0037	0.00392154	17.0009	0.00180171	0	0	1690.69	0.179174	1.00001	0.000105978	
1080	36.0035	0.00357497	13.0005	0.00129088	0	0	1812.67	0.179989	1	9.92953e-005	
1090	48.0063	0.00462266	19.0009	0.00182965	0	0	1966.27	0.189337	0	0	
1100	44.0051	0.00403495	22.0013	0.00201736	0	0	1955.18	0.179276	0	0	
1110	48.0066	0.00418979	30.0023	0.00261846	0	0	2102.75	0.183518	0	0	
1120	47.0063	0.00376623	20.0011	0.00160253	0	0	2158.38	0.172933	0	0	
1130	50.0071	0.00397892	25.002	0.00198934	0	0	2394.21	0.1905	1.00001	7.95682e-005	
1140	44.0051	0.00339415	21.0011	0.00161983	0	0	2364.87	0.182404	1	7.71309e-005	
1150	59.0095	0.00437788	20.001	0.00148386	0	0	2415.36	0.179194	1.00002	7.41908e-005	
1160	59.0101	0.00429164	25.0017	0.00181831	0	0	2583.66	0.187902	1	7.27275e-005	
1170	57.0088	0.00388185	17.0007	0.00115761	0	0	2671.77	0.181927	0	0	
1180	56.0094	0.00374219	31.0028	0.00207141	0	0	2751.93	0.183867	1	6.68138e-005	
1190	61.011	0.00391749	31.0024	0.00199065	0	0	2814.86	0.180741	0	0	
1200	58.0097	0.00356632	29.0023	0.001783	0	0	2956.92	0.181785	1	6.14781e-005	
1210	51.0071	0.00407829	23.0013	0.00183908	1	7.99554e-005	2209.89	0.176692	0	0	
1220	35.0031	0.00431604	16.0007	0.00197296	0	0	1495.88	0.184449	0	0	
1230	24.0015	0.00287856	17.0008	0.00203896	0	0	1499.97	0.179895	0	0	
1240	24.0016	0.00400427	11.0004	0.00183523	0	0	1054.99	0.176008	0	0	
